10 17
2 2
1 1 1 1 1 1 1 1 1 1 3 3 3 3 3 3 3 
1 3 3 4 3 3 3 3 3 1 3 3 3 3 3 3 3 
1 3 3 1 3 3 3 3 3 1 3 3 3 3 3 3 3 
1 3 3 1 3 3 3 3 3 1 3 3 3 3 3 3 3 
1 3 3 1 3 3 3 3 3 1 3 3 3 3 3 3 3 
1 1 4 1 4 1 1 1 1 1 3 3 3 3 3 3 3 
1 3 3 1 3 3 1 3 3 3 3 3 3 3 3 3 3 
1 3 3 1 3 3 1 3 3 3 3 3 3 3 3 3 3 
1 3 3 1 3 3 1 3 3 3 3 3 3 3 3 3 3 
1 1 1 1 1 1 1 3 3 3 3 3 3 3 3 3 3 
1 1 1 1 1 1 1 1 1 1 3 3 2 3 2 3 3 
1 1 1 1 1 1 1 1 1 1 3 3 2 3 2 3 3 
1 1 1 1 1 2 1 1 1 1 3 3 3 3 3 3 3 
1 1 1 1 1 1 1 1 1 1 3 2 3 3 3 2 3 
1 1 1 1 1 1 1 1 1 1 3 3 2 2 2 3 3 
1 1 1 1 1 1 1 1 1 1 3 3 3 3 3 3 3 
1 1 1 1 1 1 1 2 3 3 2 2 2 3 2 3 3 
1 1 1 1 1 1 1 2 3 3 2 3 2 3 2 3 3 
1 1 1 1 1 1 1 2 2 3 2 2 2 3 2 2 3 
1 1 1 1 1 1 1 3 3 3 3 3 3 3 3 3 3 3 3 3 3 3 3 3 3 3 3 3 3 3 3 3 3 3 
3 3 3 3 12 12 12 3 3 3 3 3 3 3 3 3 3 
3 10 3 3 12 3 12 3 3 3 3 3 3 3 3 3 3 
3 10 3 3 12 12 12 3 3 3 3 3 3 3 3 3 3 
3 10 3 3 3 3 3 3 3 3 3 3 3 3 3 3 3 
3 3 3 3 3 3 3 3 3 3 3 3 3 3 3 3 3 
3 7 10 3 8 11 3 3 3 3 3 3 3 3 3 3 3 
3 8 3 3 3 10 3 3 3 3 3 3 3 3 3 3 3 
3 9 3 3 3 9 3 3 3 3 3 3 3 3 3 3 3 
3 3 3 3 3 3 3 3 3 3 3 3 3 3 3 3 3 