10 17
2 2
1 1 1 1 1 1 1 1 1 1 1 1 1 1 1 1 1 
1 3 3 1 3 3 3 3 3 1 3 3 3 3 3 3 1 
1 3 3 1 3 3 3 3 3 1 3 3 3 3 3 3 1 
1 3 3 1 3 3 1 3 3 1 3 3 1 3 3 3 1 
1 3 3 1 3 3 1 3 3 1 3 3 1 3 3 3 1 
1 3 3 1 3 3 1 3 3 1 3 3 1 3 3 3 1 
1 3 3 1 3 3 1 3 3 1 3 3 1 3 3 3 1 
1 3 3 3 3 3 1 3 3 3 3 3 1 3 3 3 1 
1 3 3 3 3 3 1 3 3 3 3 3 1 3 3 3 1 
1 1 1 1 1 1 1 1 1 1 1 1 1 1 1 1 1 
1 1 1 1 1 1 1 1 1 1 1 1 1 1 1 1 1 
1 1 1 1 1 1 1 1 1 1 1 1 1 1 1 1 1 
1 1 1 1 1 1 1 1 1 1 1 1 1 1 1 1 1 
1 1 1 1 1 1 1 1 1 1 1 1 1 1 1 1 1 
1 1 1 1 1 1 1 1 1 1 1 1 1 1 1 1 1 
1 1 1 1 1 1 1 1 1 1 1 1 1 1 1 1 1 
1 1 1 1 1 1 1 1 1 1 1 1 1 1 1 1 1 
1 1 1 1 1 1 1 1 1 1 1 1 1 1 1 1 1 
1 1 1 1 1 1 1 1 1 1 1 1 1 1 1 1 1 
1 1 1 1 1 1 1 1 1 1 1 1 1 1 1 1 1 3 3 3 3 3 3 3 3 3 3 3 3 3 3 3 3 3 
3 2 4 3 2 7 7 1 2 3 2 8 3 3 4 2 3 
3 5 3 3 1 3 3 3 8 3 5 3 10 3 3 1 3 
3 3 3 3 7 3 3 3 3 3 10 3 3 3 3 3 3 
3 3 3 3 7 3 3 3 3 3 3 3 3 3 3 3 3 
3 3 3 3 3 3 3 3 3 3 3 3 3 3 3 11 3 
3 3 3 3 3 3 3 9 3 3 3 9 3 3 3 11 3 
3 3 3 3 3 5 3 9 3 3 3 1 3 3 3 5 3 
3 2 1 3 3 4 3 2 1 4 3 2 3 4 1 2 3 
3 3 3 3 3 3 3 3 3 3 3 3 3 3 3 3 3 